15, 52, 4, 45, 59, 13, 42, 14, 62, 27, 8
37, 31, 41, 28, 47, 20
53, 39, 44, 46, 50, 19, 51
22, 61, 23
63, 16, 54, 2
50, 51, 24, 19, 47, 26
15, 52, 28, 37, 31, 24, 36, 34, 42, 25, 9, 35
59, 63, 54, 16, 4, 13
14, 45, 3, 20, 61, 22, 23
64, 7, 18, 46, 1, 3, 32, 21, 12, 39, 33, 41
45, 26, 4, 18, 24, 44, 36, 47, 43, 34, 9, 46, 32, 7, 64
20, 59, 54
21, 17, 50
2, 22, 61, 23
14, 63, 13
12, 38, 3, 49, 55, 6, 57
16, 29
45, 26, 62, 54, 30, 3, 13, 49, 38, 53, 64, 24
4, 16, 2, 23, 22, 20, 8, 59, 29, 60, 52, 15, 42
51, 50, 39, 21, 43, 19, 44, 46, 9, 28, 41, 33, 31, 37, 47, 40, 35, 32, 18, 63, 17, 26, 34, 36