27, 45, 20, 35, 32, 26, 59, 10, 17, 24, 52, 4, 15, 30
25, 41, 64, 36, 47, 28, 37, 9, 34, 13
61, 63, 54, 14, 23, 22, 2, 16, 42, 55, 1
3

62, 47, 22, 41, 49, 14, 63, 13, 37, 50, 38, 64, 27, 45, 4, 17, 59, 26, 24, 32, 2, 20, 9, 16, 30, 51, 36
7, 35, 31, 3, 42, 23, 34, 28, 43, 8, 19, 60, 29, 18, 39, 57, 40, 44, 15, 10, 33
61, 55, 54, 25, 1, 5, 12
11, 56, 46, 52, 21, 53, 6, 58

62, 4, 14, 22, 7, 38, 16, 64, 45, 16, 2, 9
20, 55, 13, 23, 31, 3, 35, 59
18, 30, 49, 37, 50, 63, 24, 17, 26, 6, 61, 56, 32
25, 47, 1, 5, 44, 39, 40, 33, 41
57, 21
29, 54, 60, 8, 11
10, 34, 42, 19, 27, 52, 46, 36, 51

