22, 61, 23, 2, 16
20, 9, 3, 54, 36, 26, 24, 8
35, 28, 31, 1, 45, 15
13, 63
59
38, 55, 57

27, 45, 20, 35, 32, 26, 59, 10, 17, 24, 52, 4, 15, 30
25, 41, 64, 36, 47, 28, 37, 9, 34, 13
61, 63, 54, 14, 23, 22, 2, 16, 42, 55, 1
3

62, 47, 22, 41, 49, 14, 63, 13, 37, 50, 38, 64, 27, 45, 4, 17, 59, 26, 24, 32, 2, 20, 9, 16, 30, 51, 36
7, 35, 31, 3, 42, 23, 34, 28, 43, 8, 19, 60, 29, 18, 39, 57, 40, 44, 15, 10, 33
61, 55, 54, 25, 1, 5, 12
11, 56, 46, 52, 21, 53, 6, 58

11, 43, 60, 8, 44, 7, 29
19, 18, 46, 21, 51, 28, 50, 47, 39, 34, 37, 9, 36
14, 63, 2, 23, 22, 61
62, 45, 42, 5, 3, 59, 52, 13, 27