30, 43, 41, 33, 31, 28, 44, 17, 46, 18, 32, 50, 8, 19, 51, 12, 7, 57
54, 4, 59, 20, 60, 16, 37, 15, 10, 38, 63, 13, 11, 22, 23, 2, 6, 55, 49
62
45, 42, 64, 3, 26, 9, 34, 39, 1
22, 16, 61, 23, 54
34, 1, 26, 32, 9, 28, 35, 37, 31, 41, 40, 33, 19, 51, 50 
45, 4, 63, 20, 42, 15, 3, 52, 25, 10, 30, 38, 2, 6, 49, 55, 57
13, 59
38, 49, 57, 55, 12, 7, 30, 21, 24, 32, 17, 26
56, 52, 64, 15, 3, 13, 59, 1, 10
53, 63, 54, 42
45, 14, 61
16, 2, 34, 39, 9, 37, 47, 31, 40, 35, 28, 41, 33, 46, 44, 22, 23, 62, 4, 20, 43, 60
19, 39, 9, 51, 36, 50, 60, 46, 28, 37, 34, 31, 33, 40, 41, 47, 35, 18
62, 26, 32, 24, 17, 8, 11
55, 13, 59, 3, 14, 15, 30, 45
2, 23, 22, 61, 20, 4, 63, 42, 1, 52, 54
62, 4, 14, 22, 7, 38, 16, 64, 45, 16, 2, 9
20, 55, 13, 23, 31, 3, 35, 59
18, 30, 49, 37, 50, 63, 24, 17, 26, 6, 61, 56, 32
25, 47, 1, 5, 44, 39, 40, 33, 41
57, 21
29, 54, 60, 8, 11
