19, 39, 9, 51, 36, 50, 60, 46, 28, 37, 34, 31, 33, 40, 41, 47, 35, 18
62, 26, 32, 24, 17, 8, 11
55, 13, 59, 3, 14, 15, 30, 45
2, 23, 22, 61, 20, 4, 63, 42, 1, 52, 54
38, 49, 57, 55, 12, 7, 30, 21, 24, 32, 17, 26
56, 52, 64, 15, 3, 13, 59, 1, 10
53, 63, 54, 42
45, 14, 61
16, 2, 34, 39, 9, 37, 47, 31, 40, 35, 28, 41, 33, 46, 44, 22, 23, 62, 4, 20, 43, 60
36, 25, 18, 6, 5, 58, 51, 19, 27, 11, 8, 50
50, 51, 24, 19, 47, 26
15, 52, 28, 37, 31, 24, 36, 34, 42, 25, 9, 35
59, 63, 54, 16, 4, 13
14, 45, 3, 20, 61, 22, 23
64, 7, 18, 46, 1, 3, 32, 21, 12, 39, 33, 41
45, 26, 4, 18, 24, 44, 36, 47, 43, 34, 9, 46, 32, 7, 64
20, 59, 54
21, 17, 50
2, 22, 61, 23
14, 63, 13
12, 38, 3, 49, 55, 6, 57
16, 29
62, 4, 14, 22, 7, 38, 16, 64, 45, 16, 2, 9
20, 55, 13, 23, 31, 3, 35, 59
18, 30, 49, 37, 50, 63, 24, 17, 26, 6, 61, 56, 32
25, 47, 1, 5, 44, 39, 40, 33, 41
57, 21
29, 54, 60, 8, 11
10, 34, 42, 19, 27, 52, 46, 36, 51
