27, 45, 20, 35, 32, 26, 59, 10, 17, 24, 52, 4, 15, 30
25, 41, 64, 36, 47, 28, 37, 9, 34, 13
61, 63, 54, 14, 23, 22, 2, 16, 42, 55, 1
3
62, 47, 22, 41, 49, 14, 63, 13, 37, 50, 38, 64, 27, 45, 4, 17, 59, 26, 24, 32, 2, 20, 9, 16, 30, 51, 36
7, 35, 31, 3, 42, 23, 34, 28, 43, 8, 19, 60, 29, 18, 39, 57, 40, 44, 15, 10, 33
61, 55, 54, 25, 1, 5, 12
11, 56, 46, 52, 21, 53, 6, 58
30, 43, 41, 33, 31, 28, 44, 17, 46, 18, 32, 50, 8, 19, 51, 12, 7, 57
54, 4, 59, 20, 60, 16, 37, 15, 10, 38, 63, 13, 11, 22, 23, 2, 6, 55, 49
62
45, 42, 64, 3, 26, 9, 34, 39, 1
15, 52, 4, 45, 59, 13, 42, 14, 62, 27, 8
37, 31, 41, 28, 47, 20
53, 39, 44, 46, 50, 19, 51
22, 61, 23
63, 16, 54, 2